%YAML:1.0
---
count: 20
left_eye_point2d_0: [ 5.3705541992187500e+02, 3.6808843994140625e+02 ]
right_eye_point2d_0: [ 4.3624014282226562e+02, 3.2494250488281250e+02 ]
left_scene_point2d_0: [ 556., 95. ]
left_eye_point2d_1: [ 5.7414776611328125e+02, 3.7126818847656250e+02 ]
right_eye_point2d_1: [ 4.7468222045898438e+02, 3.3489663696289062e+02 ]
left_scene_point2d_1: [ 461., 89. ]
left_eye_point2d_2: [ 6.5186346435546875e+02, 3.4800183105468750e+02 ]
right_eye_point2d_2: [ 5.5157354736328125e+02, 3.2175842285156250e+02 ]
left_scene_point2d_2: [ 249., 77. ]
left_eye_point2d_3: [ 7.3424291992187500e+02, 3.4449279785156250e+02 ]
right_eye_point2d_3: [ 6.3195642089843750e+02, 3.2869189453125000e+02 ]
left_scene_point2d_3: [ 40., 53. ]
left_eye_point2d_4: [ 5.2208679199218750e+02, 3.9315075683593750e+02 ]
right_eye_point2d_4: [ 4.3092279052734375e+02, 3.4717248535156250e+02 ]
left_scene_point2d_4: [ 601., 167. ]
left_eye_point2d_5: [ 5.3338415527343750e+02, 3.8773623657226562e+02 ]
right_eye_point2d_5: [ 4.4296002197265625e+02, 3.4704208374023438e+02 ]
left_scene_point2d_5: [ 520., 178. ]
left_eye_point2d_6: [ 5.8498638916015625e+02, 3.8665393066406250e+02 ]
right_eye_point2d_6: [ 4.9047869873046875e+02, 3.5130764770507812e+02 ]
left_scene_point2d_6: [ 409., 173. ]
left_eye_point2d_7: [ 6.4678234863281250e+02, 3.7612808227539062e+02 ]
right_eye_point2d_7: [ 5.4603411865234375e+02, 3.4486703491210938e+02 ]
left_scene_point2d_7: [ 268., 168. ]
left_eye_point2d_8: [ 6.9887329101562500e+02, 3.6582922363281250e+02 ]
right_eye_point2d_8: [ 5.9931683349609375e+02, 3.4767089843750000e+02 ]
left_scene_point2d_8: [ 148., 167. ]
left_eye_point2d_9: [ 7.5178729248046875e+02, 4.5869604492187500e+02 ]
right_eye_point2d_9: [ 7.2846728515625000e+02, 5.4538598632812500e+02 ]
left_scene_point2d_9: [ 19., 212. ]
left_eye_point2d_10: [ 5.1200549316406250e+02, 4.3078533935546875e+02 ]
right_eye_point2d_10: [ 4.1486727905273438e+02, 3.8154101562500000e+02 ]
left_scene_point2d_10: [ 589., 266. ]
left_eye_point2d_11: [ 5.5825000000000000e+02, 4.2090011596679688e+02 ]
right_eye_point2d_11: [ 4.6290866088867188e+02, 3.7774127197265625e+02 ]
left_scene_point2d_11: [ 497., 263. ]
left_eye_point2d_12: [ 5.9813122558593750e+02, 4.1333145141601562e+02 ]
right_eye_point2d_12: [ 5.0099426269531250e+02, 3.7693862915039062e+02 ]
left_scene_point2d_12: [ 389., 261. ]
left_eye_point2d_13: [ 6.5563018798828125e+02, 4.1062249755859375e+02 ]
right_eye_point2d_13: [ 5.5143554687500000e+02, 3.8111804199218750e+02 ]
left_scene_point2d_13: [ 259., 278. ]
left_eye_point2d_14: [ 7.1119445800781250e+02, 4.3259222412109375e+02 ]
right_eye_point2d_14: [ 6.0774487304687500e+02, 4.0091711425781250e+02 ]
left_scene_point2d_14: [ 140., 340. ]
left_eye_point2d_15: [ 7.4263208007812500e+02, 4.2310159301757812e+02 ]
right_eye_point2d_15: [ 6.4026013183593750e+02, 3.9781384277343750e+02 ]
left_scene_point2d_15: [ 47., 320. ]
left_eye_point2d_16: [ 7.3660101318359375e+02, 4.6270510864257812e+02 ]
right_eye_point2d_16: [ 6.4664489746093750e+02, 4.3188140869140625e+02 ]
left_scene_point2d_16: [ 37., 440. ]
left_eye_point2d_17: [ 6.7450671386718750e+02, 4.5139102172851562e+02 ]
right_eye_point2d_17: [ 6.0816851806640625e+02, 4.2501858520507812e+02 ]
left_scene_point2d_17: [ 138., 423. ]
left_eye_point2d_18: [ 6.1056213378906250e+02, 4.5726678466796875e+02 ]
right_eye_point2d_18: [ 5.5099053955078125e+02, 4.3215063476562500e+02 ]
left_scene_point2d_18: [ 306., 415. ]
left_eye_point2d_19: [ 5.4416723632812500e+02, 4.5339297485351562e+02 ]
right_eye_point2d_19: [ 4.7538415527343750e+02, 4.0639709472656250e+02 ]
left_scene_point2d_19: [ 449., 410. ]
