%YAML:1.0
---
count: 3
left_eye_point2d_0: [ 6.6133959960937500e+02, 3.5517486572265625e+02 ]
right_eye_point2d_0: [ 6.3835467529296875e+02, 5.0614791870117188e+02 ]
left_scene_point2d_0: [ 338., 322. ]
left_eye_point2d_1: [ 5.0704388427734375e+02, 4.0213336181640625e+02 ]
right_eye_point2d_1: [ 4.8039343261718750e+02, 5.3090472412109375e+02 ]
left_scene_point2d_1: [ 361., 386. ]
left_eye_point2d_2: [ 6.2631823730468750e+02, 3.7568624877929688e+02 ]
right_eye_point2d_2: [ 5.9864404296875000e+02, 5.2393719482421875e+02 ]
left_scene_point2d_2: [ 427., 336. ]
