%YAML:1.0
---
point3d_0: [ -6.8203913440882641e-02, -7.0085100931198144e-02,
    6.2639831893128062e-01 ]
left_eye_point2d_0: [ 7.1953509521484375e+02, 3.5347805786132812e+02 ]
right_eye_point2d_0: [ 7.2235107421875000e+02, 5.3808544921875000e+02 ]
left_scene_point2d_0: [ 207., 72. ]
point3d_1: [ -2.5439954512396574e-02, -8.9472971132251930e-02,
    6.3623957211470017e-01 ]
left_eye_point2d_1: [ 6.9402136230468750e+02, 3.4617010498046875e+02 ]
right_eye_point2d_1: [ 7.1278015136718750e+02, 5.2682336425781250e+02 ]
left_scene_point2d_1: [ 294., 41. ]
point3d_2: [ -4.9127028487194309e-02, -9.3085674040083249e-02,
    6.3401936357571875e-01 ]
left_eye_point2d_2: [ 7.3281738281250000e+02, 3.4307977294921875e+02 ]
right_eye_point2d_2: [ 7.3306695556640625e+02, 5.2827197265625000e+02 ]
left_scene_point2d_2: [ 247., 33. ]
point3d_3: [ -7.4633184522438278e-02, -5.8441621961403845e-02,
    6.4475206415994279e-01 ]
left_eye_point2d_3: [ 7.3262835693359375e+02, 3.6233694458007812e+02 ]
right_eye_point2d_3: [ 7.2646984863281250e+02, 5.4213775634765625e+02 ]
left_scene_point2d_3: [ 199., 99. ]
point3d_4: [ -1.7510600900171813e-01, 5.3455319593718586e-03,
    6.5388284975217315e-01 ]
left_eye_point2d_4: [ 7.8373400878906250e+02, 3.9110144042968750e+02 ]
right_eye_point2d_4: [ 7.7075872802734375e+02, 5.7654180908203125e+02 ]
left_scene_point2d_4: [ 16., 218. ]
point3d_5: [ -1.7641961613339976e-01, -2.9885238150229275e-03,
    6.5577299929475819e-01 ]
left_eye_point2d_5: [ 7.7573376464843750e+02, 3.8020407104492188e+02 ]
right_eye_point2d_5: [ 7.6823834228515625e+02, 5.6659167480468750e+02 ]
left_scene_point2d_5: [ 14., 203. ]
point3d_6: [ -1.1593573220486872e-01, -2.9562565525374829e-02,
    6.1309841818128497e-01 ]
left_eye_point2d_6: [ 7.7244335937500000e+02, 3.4288757324218750e+02 ]
right_eye_point2d_6: [ 7.6914575195312500e+02, 5.2985504150390625e+02 ]
left_scene_point2d_6: [ 72., 245. ]
point3d_7: [ -1.1593573220486872e-01, -2.9562565525374829e-02,
    6.1309841818128497e-01 ]
left_eye_point2d_7: [ 7.8004754638671875e+02, 3.4857019042968750e+02 ]
right_eye_point2d_7: [ 7.7443371582031250e+02, 5.3738842773437500e+02 ]
left_scene_point2d_7: [ 72., 245. ]
point3d_8: [ -1.1593573220486872e-01, -2.9562565525374829e-02,
    6.1309841818128497e-01 ]
left_eye_point2d_8: [ 7.8404589843750000e+02, 3.6229559326171875e+02 ]
right_eye_point2d_8: [ 7.7693054199218750e+02, 5.4937060546875000e+02 ]
left_scene_point2d_8: [ 72., 245. ]
point3d_9: [ -1.1593573220486872e-01, -2.9562565525374829e-02,
    6.1309841818128497e-01 ]
left_eye_point2d_9: [ 7.7597277832031250e+02, 3.8135144042968750e+02 ]
right_eye_point2d_9: [ 7.6855517578125000e+02, 5.6717968750000000e+02 ]
left_scene_point2d_9: [ 72., 245. ]
point3d_10: [ 2.4158505120868617e-02, 5.0858113604960481e-02,
    7.1892054709298103e-01 ]
left_eye_point2d_10: [ 6.4778601074218750e+02, 4.2432427978515625e+02 ]
right_eye_point2d_10: [ 6.4475402832031250e+02, 5.6648101806640625e+02 ]
left_scene_point2d_10: [ 467., 297. ]
point3d_11: [ -7.3529619908935973e-02, -5.1585694759661439e-02,
    6.4863534885803975e-01 ]
left_eye_point2d_11: [ 7.4018762207031250e+02, 3.6022045898437500e+02 ]
right_eye_point2d_11: [ 7.3907073974609375e+02, 5.5004492187500000e+02 ]
left_scene_point2d_11: [ 204., 114. ]
point3d_12: [ -9.8010733121601787e-02, -5.0091645097202646e-02,
    6.4608509580675388e-01 ]
left_eye_point2d_12: [ 7.6022711181640625e+02, 3.6029156494140625e+02 ]
right_eye_point2d_12: [ 7.5842749023437500e+02, 5.5615551757812500e+02 ]
left_scene_point2d_12: [ 160., 116. ]
point3d_13: [ -1.5346548390425255e-01, -4.5862845208610725e-02,
    6.2431194359265130e-01 ]
left_eye_point2d_13: [ 7.8938085937500000e+02, 3.5917144775390625e+02 ]
right_eye_point2d_13: [ 7.8324542236328125e+02, 5.5639190673828125e+02 ]
left_scene_point2d_13: [ 44., 118. ]
point3d_14: [ 5.0871695195398949e-02, -7.2866614799663415e-02,
    6.6164477958928958e-01 ]
left_eye_point2d_14: [ 6.6725476074218750e+02, 3.6944784545898438e+02 ]
right_eye_point2d_14: [ 6.6479296875000000e+02, 5.5568426513671875e+02 ]
left_scene_point2d_14: [ 430., 79. ]
point3d_15: [ 7.4226279503187428e-02, -8.9552005216415473e-02,
    6.5728641695273604e-01 ]
left_eye_point2d_15: [ 6.2302960205078125e+02, 3.1420709228515625e+02 ]
right_eye_point2d_15: [ 6.0429461669921875e+02, 4.5116769409179688e+02 ]
left_scene_point2d_15: [ 475., 48. ]
point3d_16: [ 1.5765322481140261e-02, -8.4845390711896104e-02,
    6.6681573691868801e-01 ]
left_eye_point2d_16: [ 6.4315332031250000e+02, 3.2102713012695312e+02 ]
right_eye_point2d_16: [ 6.2237817382812500e+02, 4.5856472778320312e+02 ]
left_scene_point2d_16: [ 366., 60. ]
point3d_17: [ -1.6222859285079400e-03, -9.3729259289102099e-02,
    6.4426334518139716e-01 ]
left_eye_point2d_17: [ 6.5166430664062500e+02, 3.0892755126953125e+02 ]
right_eye_point2d_17: [ 6.3524017333984375e+02, 4.5032128906250000e+02 ]
left_scene_point2d_17: [ 334., 37. ]
point3d_18: [ 2.5502207688794238e-03, -8.7953744838203785e-02,
    6.4978447257519245e-01 ]
left_eye_point2d_18: [ 6.5059832763671875e+02, 3.1292468261718750e+02 ]
right_eye_point2d_18: [ 6.3001501464843750e+02, 4.5337902832031250e+02 ]
left_scene_point2d_18: [ 342., 49. ]
point3d_19: [ -5.5403390764243998e-03, -8.5970741634895931e-02,
    6.4908524949894320e-01 ]
left_eye_point2d_19: [ 6.6342370605468750e+02, 3.4982556152343750e+02 ]
right_eye_point2d_19: [ 6.5023834228515625e+02, 5.1033239746093750e+02 ]
left_scene_point2d_19: [ 328., 52. ]
point3d_20: [ -5.5125424251112783e-03, -8.5984109106255924e-02,
    6.4930622584563646e-01 ]
left_eye_point2d_20: [ 6.6378533935546875e+02, 3.4677355957031250e+02 ]
right_eye_point2d_20: [ 6.5055395507812500e+02, 5.0541815185546875e+02 ]
left_scene_point2d_20: [ 328., 52. ]
point3d_21: [ -5.5125424251112783e-03, -8.5984109106255924e-02,
    6.4930622584563646e-01 ]
left_eye_point2d_21: [ 6.6325842285156250e+02, 3.4481945800781250e+02 ]
right_eye_point2d_21: [ 6.5017895507812500e+02, 5.0329159545898438e+02 ]
left_scene_point2d_21: [ 328., 52. ]
point3d_22: [ -5.5125424251112783e-03, -8.5984109106255924e-02,
    6.4930622584563646e-01 ]
left_eye_point2d_22: [ 6.6369934082031250e+02, 3.4247012329101562e+02 ]
right_eye_point2d_22: [ 6.5077709960937500e+02, 4.9997839355468750e+02 ]
left_scene_point2d_22: [ 328., 52. ]
point3d_23: [ -6.5380137870292565e-03, -8.6196666861694859e-02,
    6.4854682389685758e-01 ]
left_eye_point2d_23: [ 6.6449194335937500e+02, 3.3909140014648438e+02 ]
right_eye_point2d_23: [ 6.5043609619140625e+02, 4.9833197021484375e+02 ]
left_scene_point2d_23: [ 326., 52. ]
point3d_24: [ -7.7672059382594338e-03, -8.5128824834941275e-02,
    6.4903002798678922e-01 ]
left_eye_point2d_24: [ 6.6405212402343750e+02, 3.3850067138671875e+02 ]
right_eye_point2d_24: [ 6.5272845458984375e+02, 4.9484881591796875e+02 ]
left_scene_point2d_24: [ 323., 54. ]
point3d_25: [ -7.7672059382594338e-03, -8.5128824834941275e-02,
    6.4903002798678922e-01 ]
left_eye_point2d_25: [ 6.6455297851562500e+02, 3.3729421997070312e+02 ]
right_eye_point2d_25: [ 6.5079577636718750e+02, 4.9291198730468750e+02 ]
left_scene_point2d_25: [ 323., 54. ]
point3d_26: [ -7.6199498426560482e-03, -8.5476426464966407e-02,
    6.4845314249139818e-01 ]
left_eye_point2d_26: [ 6.6337597656250000e+02, 3.3614465332031250e+02 ]
right_eye_point2d_26: [ 6.5141796875000000e+02, 4.9230523681640625e+02 ]
left_scene_point2d_26: [ 324., 53. ]
point3d_27: [ -7.9315677889808759e-03, -8.5068552790322383e-02,
    6.4852250951749357e-01 ]
left_eye_point2d_27: [ 6.6345971679687500e+02, 3.3648834228515625e+02 ]
right_eye_point2d_27: [ 6.5047485351562500e+02, 4.9245806884765625e+02 ]
left_scene_point2d_27: [ 323., 54. ]
point3d_28: [ -7.9315677889808759e-03, -8.5068552790322383e-02,
    6.4852250951749357e-01 ]
left_eye_point2d_28: [ 6.6339941406250000e+02, 3.3573339843750000e+02 ]
right_eye_point2d_28: [ 6.4991223144531250e+02, 4.9104107666015625e+02 ]
left_scene_point2d_28: [ 323., 54. ]
