%YAML:1.0
---
frameCount: 6
T1_0: !!opencv-matrix
   rows: 4
   cols: 4
   dt: d
   data: [ 3.0504299326157014e-01, -6.9310591241745112e-01,
       6.5311022533259599e-01, -5.1716581358287927e-01,
       -8.6158640931597408e-01, 9.1321956939573123e-02,
       4.9932870883089969e-01, -4.9660317453717173e-01,
       -4.0573098420508674e-01, -7.1502761789507074e-01,
       -5.6931351126007224e-01, 5.6652237841733744e-01, 0., 0., 0., 1. ]
T2_0: !!opencv-matrix
   rows: 4
   cols: 4
   dt: d
   data: [ 3.0381598882840044e-01, -6.9424950116209339e-01,
       6.5246722145131997e-01, -5.1776706426272379e-01,
       -8.6084401246217934e-01, 9.3398369598037378e-02,
       5.0022428046271794e-01, -4.9953795341333890e-01,
       -4.0821983188012390e-01, -7.1364863531895928e-01,
       -5.6926460821585478e-01, 5.6861566162081434e-01, 0., 0., 0., 1. ]
T1_1: !!opencv-matrix
   rows: 4
   cols: 4
   dt: d
   data: [ 3.0981532149487401e-02, -6.6700466637385603e-01,
       7.4440910775001379e-01, -5.9955472193096448e-01,
       -9.9744588344296248e-01, 2.7322294499458555e-02,
       6.5993952950048229e-02, -8.0997505513056817e-02,
       -6.4357239440164027e-02, -7.4455239389769345e-01,
       -6.6445457216641657e-01, 6.5657080020889580e-01, 0., 0., 0., 1. ]
T2_1: !!opencv-matrix
   rows: 4
   cols: 4
   dt: d
   data: [ 2.8554987798661280e-02, -6.6813431433728898e-01,
       7.4349253572370100e-01, -5.9963797722244383e-01,
       -9.9748970202475007e-01, 2.9170664547585989e-02,
       6.4524155821114204e-02, -7.9479262389937161e-02,
       -6.4798973960962680e-02, -7.4346863439885125e-01,
       -6.6562413015057809e-01, 6.5958065260111942e-01, 0., 0., 0., 1. ]
T1_2: !!opencv-matrix
   rows: 4
   cols: 4
   dt: d
   data: [ -3.5426167653238583e-01, -6.8078105622109686e-01,
       6.4112075152107739e-01, -4.8490484661638594e-01,
       -8.3876264617945051e-01, -7.1824261485002650e-02,
       -5.3973928783828573e-01, 4.8752910613751310e-01,
       4.1349230695928207e-01, -7.2895708306636398e-01,
       -5.4556913689547093e-01, 5.2648918774222864e-01, 0., 0., 0., 1. ]
T2_2: !!opencv-matrix
   rows: 4
   cols: 4
   dt: d
   data: [ -3.5526015924266829e-01, -6.7620663757775246e-01,
       6.4539507478029579e-01, -4.8829206579182000e-01,
       -8.3807696999067938e-01, -7.5395063333303591e-02,
       -5.4031710762866725e-01, 4.8738558466964532e-01,
       4.1402561711338043e-01, -7.3284389041647668e-01,
       -5.3992834770284781e-01, 5.2180964351322989e-01, 0., 0., 0., 1. ]
T1_3: !!opencv-matrix
   rows: 4
   cols: 4
   dt: d
   data: [ -3.4478111572140091e-01, -6.7687536660918202e-01,
       6.5035814773061118e-01, -4.4713776760448853e-01,
       -8.4717287430432031e-01, -7.4000939031803714e-02,
       -5.2613874792241611e-01, 4.5300089056026760e-01,
       4.0425747152633112e-01, -7.3236848587312708e-01,
       -5.4791632355227460e-01, 4.7330551293461248e-01, 0., 0., 0., 1. ]
T2_3: !!opencv-matrix
   rows: 4
   cols: 4
   dt: d
   data: [ -3.4500988990286685e-01, -6.7593278208842689e-01,
       6.5121659220831518e-01, -4.4853275370777507e-01,
       -8.4779899200945974e-01, -7.3289548041025387e-02,
       -5.2522900842935771e-01, 4.5232294574639964e-01,
       4.0274687462096559e-01, -7.3330997282604959e-01,
       -5.4776951242005323e-01, 4.7466533548305134e-01, 0., 0., 0., 1. ]
T1_4: !!opencv-matrix
   rows: 4
   cols: 4
   dt: d
   data: [ -4.1806120768346688e-01, -6.8351459436119144e-01,
       5.9835827555528753e-01, -3.9790774083417807e-01,
       -7.6426774234260664e-01, -9.1402044365745727e-02,
       -6.3838897570391795e-01, 5.4546740094746571e-01,
       4.9103935142183530e-01, -7.2419159452524606e-01,
       -4.8417650683836921e-01, 4.1401192841012657e-01, 0., 0., 0., 1. ]
T2_4: !!opencv-matrix
   rows: 4
   cols: 4
   dt: d
   data: [ -4.1928935185386562e-01, -6.7944951841516432e-01,
       6.0211692497999669e-01, -4.0085537320970738e-01,
       -7.6377176385595003e-01, -9.4527661689834286e-02,
       -6.3852737914033375e-01, 5.4476085432643351e-01,
       4.9076382523402912e-01, -7.2760763678019058e-01,
       -4.7930991512883381e-01, 4.1061607313984638e-01, 0., 0., 0., 1. ]
T1_5: !!opencv-matrix
   rows: 4
   cols: 4
   dt: d
   data: [ -2.5779270921569553e-01, -6.7299274111487939e-01,
       6.9327028602263974e-01, -6.8224747333900848e-01,
       -9.1805866173270412e-01, -5.3050410808624493e-02,
       -3.9287904949308838e-01, 2.0374558959130146e-01,
       3.0118302191987556e-01, -7.3774414556790424e-01,
       -6.0417080613638952e-01, 7.6066289676503240e-01, 0., 0., 0., 1. ]
T2_5: !!opencv-matrix
   rows: 4
   cols: 4
   dt: d
   data: [ -2.6185404571385495e-01, -6.6486861855111923e-01,
       6.9955855995707217e-01, -6.8384813586530901e-01,
       -9.1544677472231650e-01, -5.8410254521810145e-02,
       -3.9817765484417311e-01, 2.0891543695899056e-01,
       3.0559722085417346e-01, -7.4467305727589173e-01,
       -5.9335687100899204e-01, 7.4528770496485031e-01, 0., 0., 0., 1. ]
