# oST version 5.0 parameters


[image]

width
640

height
480

[narrow_stereo/left]

camera matrix
1023.998157 0.000000 339.932920
0.000000 958.715464 260.716469
0.000000 0.000000 1.000000

distortion
0.122588 0.106407 -0.003058 0.013616 0.000000

rectification
0.996590 -0.004916 0.082365
0.006714 0.999745 -0.021566
-0.082238 0.022045 0.996369

projection
1139.916091 0.000000 273.000368 0.000000
0.000000 1139.916091 287.845001 0.000000
0.000000 0.000000 1.000000 0.000000

# oST version 5.0 parameters


[image]

width
640

height
480

[narrow_stereo/right]

camera matrix
1050.921958 0.000000 328.370126
0.000000 985.919397 319.061028
0.000000 0.000000 1.000000

distortion
0.142058 -0.337326 0.004077 -0.005355 0.000000

rectification
0.999436 -0.004814 0.033236
0.004087 0.999752 0.021895
-0.033333 -0.021747 0.999208

projection
1139.916091 0.000000 273.000368 70.958667
0.000000 1139.916091 287.845001 0.000000
0.000000 0.000000 1.000000 0.000000

