image_width: 640
image_height: 480
camera_name: narrow_stereo/left
camera_matrix:
  rows: 3
  cols: 3
  data: [1023.998157, 0.000000, 339.932920, 0.000000, 958.715464, 260.716469, 0.000000, 0.000000, 1.000000]
distortion_model: plumb_bob
distortion_coefficients:
  rows: 1
  cols: 5
  data: [0.122588, 0.106407, -0.003058, 0.013616, 0.000000]
rectification_matrix:
  rows: 3
  cols: 3
  data: [0.996590, -0.004916, 0.082365, 0.006714, 0.999745, -0.021566, -0.082238, 0.022045, 0.996369]
projection_matrix:
  rows: 3
  cols: 4
  data: [1139.916091, 0.000000, 273.000368, 0.000000, 0.000000, 1139.916091, 287.845001, 0.000000, 0.000000, 0.000000, 1.000000, 0.000000]
